9
229 9
43 61
186 113
7 135
107 84
100 142
155 41
183 102
121 103
113 32
237 5
41 67
157 184
236 152
5 16
155 231
174 8
167 107
146 103
23 75
96 161
171 116
76 142
126 162
150 28
143 12
120 34
39 5
99 15
137 76
96 127
1 94
67 84
86 136
60 85
23 97
139 54
67 54
67 12
20 8
57 29
65 25
13 7
19 62
16 38
50 65
48 40
2 66
60 19
2 4
17 3
48 0
103 14
51 59
19 84
57 98
12 62
79 6
101 33
68 1
26 25
45 42
48 81
50 51
34 91
6 72
59 5
109 11
20 34
102 31
44 31
12 59
74 79
16 37
91 93
22 108
97 28
39 96
1 3
9 14
6 3
7 8
7 6
3 9
6 5
1 5
6 8
4 9
9 6
1 6
7 9
4 3
7 2
3 2
